76846010
78895814
79220671
82437108
85724550
106175757
86799471
92184568
100462652
97803586
121635712
121635712
121635712
124030644
124030644
124030644
141975906
141975906
141975906
152724100
152724100
152724100
159954030
159954030
159954030
169622637
169494252
173307709
176825162
178210336
180255332
183958482
188482381
191335133
197840361
201010228
202563000
205800538
208883410
211963882
215149722
210318427
210779277
215074396
219237141
225536860
230133901
209150627
213619998
219194064
219362509
221114049
222565459
220896403
221409341
218809565
216936200
215793997
215477791
210563077
212037036
214004772
216472886
218836650
223742940
214319065
208009633
198991983
200250307
203094872
207609700
213189533
216268790
220134332
223588147
228330319
234297169
238950878
241499590
245616457
249521710
253899442
257798832
261767207
265399411
275434061
285487493
290509221
296202818
297950985
297014404
300190802
301450054
301411365
297041242
290609080
273476721
271579217
268521293
271677634
274282132
272876169
274436506
271306520
272932711
274616275
279615246
281669293
284114588
287004178
288922247
292084759
292704738
291453231
289738795
286578988
285773986
286146744
286041814
281933373
283898941