9134587 
9320414 
9548491 
9722918 
9699363 
9802413 
9809483 
9930104 
10063566 
10205818 
10274208 
10305402 
10440088 
10240791 
10464381 
10816002 
11091411 
11282549 
11403289 
11629461 
11771814 
11936392 
11951919 
12149194 
12278116 
12447026 
12592998 
12596475 
12548685 
12641374 
12821498 
12996220 
13203590 
13437956 
13689235 
13919627 
13721197 
13663730 
13579505 
13593300 
13744832 
13956603 
14179576 
14600044 
14797200 
15139858 
15410772 
15534796 
15775578 
15993077 
16067784 
16173095 
16305184 
16593067 
16862885 
